0 62441644 89750189
1 17669762 17216085
2 17797144 17207345
3 17401664 17228831
4 17384059 17241876
5 17204549 18102964
6 17189907 18465853
7 17188650 18456404
8 17431627 18040871
9 17254683 18426854
10 17231940 18430540
11 17195635 18063774
12 17419603 17214606
13 17287994 18349072
14 78497928 60830486
15 17567864 17728914
16 17552984 18043228
17 17276950 18410767
18 17249936 18255592
19 17300732 17977779
20 17284195 18422842
21 17265879 18124519
22 17327685 18156806
23 17430736 18494518
24 17232500 18341960
25 17223273 18568792
26 17355104 18359229
27 17294313 17322600
28 17303832 17980291
29 17252397 18180954
30 17378159 17200064
31 17616221 17283324
32 17479922 17233303
33 17482912 17235048
34 17338230 17230105
35 17373447 17239715
36 17306563 17301871
37 17307394 17333710
38 17343224 17272588
39 17316537 17303417
40 17958156 17227648
41 17904156 17251542
42 17386942 17199342
43 17340525 17283923
44 17361033 17202525
45 17325371 17289382
46 17314679 17258295
47 17328483 17270922
48 17342583 18579216
49 17271817 18136449
50 54559302 66915236
51 17444250 17211033
52 17254225 18623297
53 17243256 18344020
54 72930189 90999045
55 17263784 18135184
56 17438748 17227653
57 17327747 17275729
58 17360818 17230772
59 17484192 17270423
60 17353878 17240401
61 17246058 18021780
62 17349807 17239167
63 17322322 19164312
64 102739565 88746983
65 102813967 89120740
66 103176452 88349468
67 102154325 89047257
68 102799757 89832739
69 103169128 88402407
70 103558707 88311268
71 103185137 88629151
72 102430454 89045817
73 103050670 88285039
74 102752225 88591058
75 102131936 88726004
76 102734773 88683438
77 102508748 88627924
78 103255612 88492673
79 102981134 88713562
80 103114877 88425436
81 102500460 88901681
82 102686488 88892830
83 103086327 88349880
84 103037395 88512619
85 102049005 89089863
86 103132227 88520864
87 102616924 88798120
88 102928182 88564555
89 102808572 88590476
90 103332803 88486104
91 91422540 104716881
92 91425439 104927122
93 91058459 105504212
94 104005529 88124729
95 73470418 71225528
96 103632715 87753685
97 102860126 87927665
98 103085945 88350561
99 91491467 104862882
100 91298408 105176603
101 74687705 71797062
102 91817123 104491422
103 91478678 105100961
104 91477404 105054082
105 91558056 104800759
106 91467820 104895198
107 73848355 71040776
108 91542671 104810732
109 91456485 105204385
110 75433958 71532299
111 104267824 88050230
112 103543338 87926944
113 76602124 80928304
114 68397515 68869445
115 103130765 88414051
116 91064753 104804780
117 91091918 105230458
118 91348042 104368664
119 91521283 104756688
120 91223421 105104605
121 91160596 105465229
122 91260912 105051808
123 103602327 88079777
124 90977974 105751346
125 91265862 105138815
126 91325756 104944888
127 91362748 104958447
128 66640524 65482349
